iter (50, 55.7, 27.9)
iter (100, 123.8, 19.5)
iter (150, 199.8, 14.2)
iter (200, 280.2, 18.4)
iter (250, 362.2, 14.4)
iter (300, 425.2, 0.3)
iter (350, 489.2, 1.0)
iter (400, 556.7, 3.6)
iter (450, 621.7, 7.4)
iter (500, 689.9, 11.6)
iter (550, 815.4, 15.8)
iter (600, 874.2, 19.8)
iter (650, 935.5, 23.6)
iter (700, 994.4, 27.1)
iter (750, 1058.3, 30.3)
{"tag": "g1m", "method": "sgtsne3d", "opts": {"eta": "2000"}, "threads": 8, "N": 1000000, "E": 12386365, "rss_after_load_mb": 1291.7, "layout_s": 1062.3, "log": [[50, 55.7, 27.9], [100, 123.8, 19.5], [150, 199.8, 14.2], [200, 280.2, 18.4], [250, 362.2, 14.4], [300, 425.2, 0.3], [350, 489.2, 1.0], [400, 556.7, 3.6], [450, 621.7, 7.4], [500, 689.9, 11.6], [550, 815.4, 15.8], [600, 874.2, 19.8], [650, 935.5, 23.6], [700, 994.4, 27.1], [750, 1058.3, 30.3]], "peak_rss_mb": 1526.8, "purity": 0.985, "recall": 0.035}
