iter (50, 4.6, 0.0)
iter (100, 9.1, 0.0)
iter (150, 13.6, 0.0)
iter (200, 18.1, 0.0)
iter (250, 22.7, 0.0)
iter (300, 27.2, 0.0)
iter (350, 31.7, 0.0)
iter (400, 36.2, 4.0)
iter (450, 40.8, 11.2)
iter (500, 45.6, 17.8)
iter (550, 51.0, 22.8)
iter (600, 56.4, 26.7)
iter (650, 62.0, 30.2)
iter (700, 68.8, 33.2)
iter (750, 77.6, 36.0)
{"tag": "g100k", "method": "sgtsne3d_eta200", "opts": {"eta": "200"}, "threads": 8, "N": 100000, "E": 1200743, "rss_after_load_mb": 267.9, "layout_s": 81.6, "log": [[50, 4.6, 0.0], [100, 9.1, 0.0], [150, 13.6, 0.0], [200, 18.1, 0.0], [250, 22.7, 0.0], [300, 27.2, 0.0], [350, 31.7, 0.0], [400, 36.2, 4.0], [450, 40.8, 11.2], [500, 45.6, 17.8], [550, 51.0, 22.8], [600, 56.4, 26.7], [650, 62.0, 30.2], [700, 68.8, 33.2], [750, 77.6, 36.0]], "peak_rss_mb": 614.5, "purity": 0.986, "recall": 0.097}
